123 10 0 - 3397 9233 1 true
123 10 0 - 3399 9233 1 true
123 10 0 - 3398 9227 1 true
123 10 0 - 3406 9230 1 true
11448 11 2 - 1332 5454 0 true
46933 11 2 - 1338 5491 0 true
36972 10 3 - 1352 5459 0 true
21250 10 1 - 1338 5488 0 true
229241 10 0 - 1356 5503 0 true
70356 10 1 - 1331 5436 0 true
29959 10 0 - 1344 5473 0 true
12355 10 0 - 1349 5482 0 true
70435 11 3 - 1373 5494 0 true 
234660 10 0 - 1375 5496 0 true
229422 10 0 - 1337 5495 0 true
15482 11 5 - 1363 5489 0 true
12692 10 1 - 1353 5492 0 true
61871 10 6 - 1360 5528 0 true