//key money boolean(general store) - Name - item quantity and repeat
1 995 true - General Store - 1931 100000 1935 100000 1735 100000 1925 100000 1923 100000 1887 100000 590 100000 1755 100000 2347 100000 952 100000 5341 100000 550 100000 9003 100000 954 1000 311 100 301 100 303 100 305 100 946 100 309 100 307 100 313 100000 314 100000 3853 1000 2552 1000 21576 100 7534 100 7535 100 15707 100 7509 10 20120 10
2 995 false - Skillcape Store - 9747 100 9750 100 9753 100 9756 100 9759 100 9762 100 9765 100 9768 100 9771 100 9774 100 9777 100 9780 100 9783 100 9786 100 9789 100 9792 100 9795 100 9798 100 9801 100 9804 100 9807 100 9810 100 9948 100 12169 100 18508 100
3 995 false - Skillcape Store(t) - 9748 100 9751 100 9754 100 9757 100 9760 100 9763 100 9766 100 9769 100 9772 100 9775 100 9778 100 9781 100 9784 100 9787 100 9790 100 9793 100 9796 100 9799 100 9802 100 9805 100 9808 100 9811 100 9949 100 12170 100 18509 100 19709 100 10662 100
4 995 false - Skillcape Hoods Store - 9749 50000 9752 50000 9755 50000 9758 50000 9761 50000 9764 50000 9767 50000 9770 50000 9773 50000 9776 50000 9779 50000 9782 50000 9785 50000 9788 50000 9791 50000 9794 50000 9797 50000 9800 50000 9803 50000 9806 50000 9809 50000 9812 50000 9950 50000 12171 50000 18510 50000 9814 50000
6 995 false - Food Store - 334 7500 330 7500 362 7500 380 7500 374 1000 7947 7500 386 500 392 500
7 995 false - Herblore Shop - 228 10000 222 10000 226 10000 224 10000 1582 10000 1976 10000 240 10000 12630 10000 2153 10000 9737 10000 11807 10000 232 10000 12110 10000 1872 10000 2971 10000 10112 10000 9019 10000 242 10000 6050 10000 246 10000 3139 10000 248 10000 6052 10000 6019 10000 5973 10000 4622 10000 9594 10000 6810 10000 6694 10000 12539 10000
8 995 false - Herbs Shop - 200 5000 202 5000 204 5000 206 5000 210 5000 212 5000 214 5000
9 995 false - Slayer Shop - 4155 10000 4164 10000 4166 10000 4161 10000 6696 10000 4156 10000 6660 10000 7051 10000 4551 10000 8923 10000 7159 10000 10952 10000 6720 10000 4158 10000 4150 10000 13278 10000 4170 10000 7421 1000 4168 1000 4162 1000
10 12852 false - PvP Shop - 21462 5000 21464 5000 21467 5000 21468 5000 21469 5000 21470 5000 21471 5000 21472 5000 21473 5000 21474 5000 21475 5000 21476 5000 15017 5000 15018 5000 15019 5000 15020 5000 6737 5000 10551 5000 10548 5000 10547 5000 
11 995 false - Potion Shop - 2447 1000 2431 1000 114 1000 2429 1000 2433 1000 2437 1000 2441 1000 2443 1000 2445 1000 3041 1000 2435 1000 12141 1000 6686 1000 3025 1000 2453 1000
12 29920 false - Assassin's Store - 28794 100000 28795 100000 28796 100000 28797 100000 28798 100000 28799 100000 28008 100000 28011 100000 21467 100000 21468 100000 21469 100000 21470 100000 21471 100000 25825 100000 25827 100000 25829 100000 25831 100000 25833 100000 25835 100000 25837 100000 25839 100000 25841 100000 25843 100000 25845 100000 25847 100000 25849 100000 25851 100000 25853 100000
13 995 false - Armoury Shop - 1153 100 1115 100 1067 100 1191 100 1157 100 1119 100 1069 100 1193 100 1159 100 1121 100 1071 100 1197 100 1161 100 1123 100 1073 100 1127 100 1079 100 1163 100 1201 100 3755 100 3751 100 10828 100 3751 100
14 995 false - Weapons Shop - 1323 50 1325 50 1327 50 1329 50 1331 50 1333 100 4587 50 6528 50 6746 50
15 995 false - Combat Accessories - 3105 500 1540 500
16 995 true - Amulets & Rings - 1725 50 1727 50 1729 50 1731 50 1712 50 1478 50 3854 50
17 995 false - Pure Shop - 6109 50 6107 50 6108 50 6106 50 6110 50 6111 50 22420 50 22421 50 22422 50 22423 50 22424 50 22425 50 3105 50 6528 50 2412 50 2413 50 2414 50
18 995 false - Construction Store - 2348 10000 8795 10000 961 10000 8779 10000 8781 10000 8783 10000 1762 10000 3421 10000 8787 10000 8785 10000 4820 10000 1539 10000 8791 10000 8432 10000 8434 10000 8436 10000 8789 10000 1776 10000 8527 10000
24 995 false - Materials - 590 10000 946 10000 1780 10000 1778 10000 9439 10000
25 995 false - Smithing - 4 10000 2347 10000
27 995 false - Woodcutting - 1351 10000 1353 10000 1355 10000 1357 10000 1359 10000
28 995 false - Mining - 1265 10 1267 10 1269 10 1273 10 1271 10
29 995 false - Runecrafting Store - 1437 10000 7937 10000 5509 10000 5510 10000 5512 10000 5514 10000 8007 100 8010 100 8009 100 8008 100 
30 995 false - Hunting Shop - 10006 1500 10008 3000 11261 5000 10010 1500 11259 1500
31 995 false - Runes - 554 1000000 555 1000000 556 1000000 557 1000000 558 1000000 560 1000000 561 1000000 562 1000000 563 1000000 564 1000000 565 1000000 566 1000000 9075 1000000 4694 1000000 4695 1000000 4697 1000000 4698 1000000 4699 1000000 8007 100000 8008 100000 8009 100000 8010 100000 8011 100000
32 995 false - Magic Equipment - 4109 50 4111 50 4113 50 4115 50 4117 50 7400 50 7399 50 7398 50 1381 50 1383 50 1385 50 1387 50 4675 50 2413 50 2412 50 2414 50 14499 100 14497 100 14501 100
33 995 false - Crafting Shop - 1755 2500 1595 2500 1597 2500 1592 2500 1734 2500 1733 2500
34 995 false - Ranging Equipment - 3749 50000 1133 50000 1097 50000 1135 50000 1099 50000 1065 50000 2499 50000 2493 50000 2487 50000 2503 50000 2497 50000 2491 50000 6328 50000 863 100000 865 100000 869 100000 866 100000 867 100000 868 100000 806 100000 807 100000 808 100000 809 100000 810 100000
35 995 true - Ranging Accessories - 10498 100 10499 100 20068 100
36 995 false - Bows & Arrows - 839 50 841 50 845 50 843 50 847 50 849 50 851 50 853 50 855 50 857 50 861 50 882 1500 884 1500 886 1500 888 1500 890 1500 892 1500 4212 100
37 995 false - Crossbows & Bolts - 9179 50 9181 50 9183 50 9185 50 877 5000 9140 5000 9141 5000 9142 5000 9143 5000 9144 5000
39 995 false - Cooking Store - 1949 10000 25180 10000 25181 10000 25182 10000 25183 10000 25184 10000 7433 10000 7435 10000 7437 10000 7439 10000 7441 10000 7443 10000 7445 10000 7447 10000 7449 10000 7451 10000
40 995 false - Prayer Store - 526 300
46 995 false - Summoning Starter Ingredients - 12155 5000 15262 1000 2859 5000 2138 5000 6291 5000 6319 5000 1783 5000 2134 5000 137 5000 6032 5000 3325 5000 12156 5000 6010 5000 12153 5000 12109 5000 12111 5000 12113 5000 12115 5000 12117 5000 12119 5000 12121 5000 1635 5000
47 995 false - Summoning Intermediate Ingredients - 12155 5000 12183 5000 9978 5000 1937 5000 10103 5000 10095 5000 10099 5000 6667 5000 9736 5000 7801 5000 6287 5000 8431 5000 2150 5000 7939 5000 1963 5000 1933 5000 10117 5000 14616 5000 6979 5000 2464 5000
48 995 false - Summoning Master Ingredients - 12155 2500 12183 2500 2132 2500 10020 2500 5933 2500 1442 2500 1440 2500 1438 2500 1444 2500 571 2500 6155 2500 10149 2500 237 2500 3226 2500
49 995 true - Farming Tools - 952 10 5341 10 5343 10 5329 10 6036 10 2283 10 5331 10 6032 10 6034 10
51 995 true - Farming General Seeds - 5318 100 5319 100 5320 100 5321 100 5322 100 5323 100 5324 100 5291 100 5292 100 5293 100 5294 100 5296 100 5297 100 5298 100 5299 100 5301 100 5302 100 5303 100 12621 100 5096 100 5096 100 5097 100 5098 100 5099 100 5100 100 14589 100
52 995 true - Farming Misc Seeds - 5101 100 5102 100 5103 100 5104 100 5104 100 5105 100 5106 100 5305 100 5307 100 5308 100 5306 100 5309 100 5310 100 5311 100 19897 100 19907 100 19902 100 19912 100 19917 100 21620 100 5280 100 5281 100
53 29 false - Xuans Loyalty shop - 20958 1000000 22268 1000000 20962 1000000 22270 1000000 20967 1000000 22272 1000000 22280 1000000 22282 1000000 22284 1000000 22286 1000000 20966 1000000 22274 1000000 22288 1000000 22288 1000000 22290 1000000 20965 1000000 22276 1000000 22292 1000000 22294 1000000 22300 1000000 22296 1000000 22298 1000000 22302 1000000 23852 1000000 22903 1000000 22909 1000000 23854 1000000 23876 1000000 23874 1000000 28641 100
54 28750 false - Vote Shop - 28704 1000 10835 1000 20072 1 10551 1 24155 1 989 1 29110 1 28641 1 28755 1 1053 1 1055 1 1057 1 18744 1 18745 1 18746 1 7671 1 7673 1 5608 1 5609 1 5607 1 6666 1 24092 1 24094 1 24096 1 24098 1 20949 1 20950 1 20951 1 20952 1 29488 1
55 995 false - General Store - 228 10000 229 100000 1595 1000 6032 1000 1735 1000 12155 1000 12183 100000000 311 10 301 10 1734 1000 1733 1000 313 1000 307 100 11260 1000 5341 10 952 10 5343 10 10010 1000 5331 1000
64 995 false - Global Buffs - 28673 10 28672 10
65 23 false - Trivia Store - 24428 10 24427 10 24429 10 24430 10 21485 10 21484 10 21487 10 21486 10 24100 10 24102 10 24104 10 24106 10 22552 10 22554 10 22556 10 22558 10
70 995 true - Thieving Stall - 950 1000 1739 1000 773 1000 7650 1000 774 1000
72 -2 false - Pest Invasion Point Shop - 19785 100 19786 100 19784 100
73 995 true - Puro-puro store - 10010 1000 11261 1000
110 995 true - Ironman Shop - 1265 100 1267 100 1351 100 1349 100 303 100 305 100 309 100 301 100 311 100 590 100 5341 100 5343 100 952 100 12155 10000 12183 10000 10006 150 10008 150 11261 150 10010 150 11259 150 314 10000 313 10000 946 100 2347 100 1755 100 227 1000 231 1000 1436 10000 7936 10000 556 10000 558 10000 555 10000 557 1000 1735 1000 1540 100 10499 100 5331 100 15262 100 1737 1000
150 24 false - Skilling Points Store - 29994 100 29536 100 29968 100 28951 100 29535 100
151 995 false - Master Cape Store - 29900 100 29901 100 29902 100 29903 100 29904 100 29905 100 29906 100 29907 100 29908 100 29909 100 29910 100 29911 100 29912 100 29913 100 29914 100 29915 100 29916 100 29918 100 29919 100 29920 100 29921 100 29922 100 29923 100
153 995 false - Polypore Store - 22452 100 22454 100 22456 100
154 995 false - Sir Tiffys Store - 5574 1000 5575 1000 5576 1000 9672 1000 9674 1000 9676 1000
666 25 false - Deaths Store - 29115 100 29103 100 29100 100 29097 100 29803 100 29802 100
155 8800 false - Credits store - 29000 100 29941 100 29012 100 29002 100 29004 100 1050 100 1037 100 29834 100 962 100 15098 100 29484 100 6199 100 11694 100 13744 100 13738 100 13742 100 11283 100 14484 100 28961 100 21371 100 19580 100 11858 100 11860 100 11862 100 11724 100 11726 100 11718 100 11720 100 11722 100
156 995 false - Bronze Donator store - 1 1
157 995 false - Iron Donator store - 1 1
158 995 false - Steel donator store - 1 1
159 995 false - Mithril donator store - 1 1
160 995 false - Adamant donator store - 1 1
161 995 false - Rune donator store - 1 1
162 995 false - Dragon donator store - 1 1
163 995 false - Ironman genereal store - 2347 100 952 100 590 100 1755 100 1735 100 954 100 233 100 334 100 2429 100 114 100 2433 100 1936 100 1926 100 1932 100 1924 100 1540 100 1760 100 1733 10000 552 100 1718 100 4 100 1592 100 1595 100 1597 100 11065 100 5523 100 1938 1000
164 995 false - Dealga's Scimitar Emporium store - 4587 100
165 26 false - Venomite Points Store - 11212 100000 9340 100000 10635 100 10548 100 10549 100 10550 100 10551 100 10552 100 10553 100 29833 100 24155 100 989 100 29476 100 28641 100 11665 100 11664 100 11663 100 8839 100 8840 100 8842 100 28640 100
166 995 false - Cannon shop - 4 100 6 100 8 100 10 100 12 100
167 28739 false - Hallowen candy Shop - 28738 100 28717 100 28707 100 9920 100 9923 100 9925 100 9924 100 9921 100 9922 100 10735 100 15353 100 15352 100 14081 100 14076 100 14077 100 22327 100 22324 100 22321 100 22328 100 22322 100 22323 100
168 29464 false - Blood Money Exchange - 42791 10 28832 10 42783 10 28999 10 28835 10 28833 10 29106 10 28652 10
169 27 false - Slayer Point Store - 29618 120 29535 60 29536 60 28951 90 29112 90 29113 90 29110 90 29106 300 28940 1000 28946 1000 28945 1000 28944 1000 28943 1000 28942 1000 29476 30 19705 30 29207 1000 29211 1000 28703 100
170 995 false - Trader Stan's Trading Post - 1931 1000 1935 1000 1735 1000 1925 1000 1923 1000 1887 1000 590 1000 1755 1000 2347 1000 550 1000 9003 1000 954 1000 946 1000 2114 1000 1963 1000 2108 1000 1785 1000 1783 1000 401 1000 1781 1000 301 1000 307 1000 1941 1000 9629 1000 3226 1000 1025 1000 6014 1000
171 7417 false - Mole Claw Exchange - 42793 1000 42794 1000
172 7419 false - Mole Skin Exchange - 42793 1000 42794 1000
173 995 false - Bagged Plants - 8431 1000 8433 1000 8435 1000
221 995 true - Edgeville General Store - 1931 30 1935 10 1735 10 1925 30 1923 10 1887 10 590 10 1755 10 2347 10 550 10 9003 10
222 995 false - Bob's Brilliant Axes - 1265 10 1351 10 1349 10 1353 10 1363 10 1365 10 1369 10 1359 10
223 995 false - Lumbridge Fishing Supplies - 303 5 307 10 309 10 13431 10 313 1000 314 1000 317 0 327 0 345 0 321 0 335 0 349 0 331 0 13435 0
224 995 true - Lumbridge General Store - 1931 30 1935 10 1735 10 1925 30 1923 10 1887 10 590 10 1755 10 2347 10 550 10 9003 10
225 995 true - Beefy Bill's Supplies - 1931 30 1929 10 1937 10 2313 10 1887 10 590 10 1735 10 1951 10 1969 10 1949 10 9703 10 9704 10 9705 10 9706 30
226 995 false - Peksa's Helmet Shop - 1139 10 1137 10 1141 10 1143 10 1145 10 1147 10 1155 10 1153 10 1157 10 1165 10 1159 10 1161 10 1163 10
227 995 false - Oziach's Armour - 1127 10 1135 10
228 995 true - Varrock General Store - 1931 30 1935 10 1735 10 1925 30 1923 10 1887 10 590 10 1755 10 2347 10 550 10 9003 10
229 995 false - Dealga's Scimitar Emporium - 4587 10
2210 995 false - Zaff's Superior Staves - 1379 10 1389 10 1381 10 1383 10 1385 10 1387 10
2211 995 false - Aubury's Rune Shop - 554 300 555 300 556 300 557 300 558 100 559 100 562 30 560 10
2212 995 false - Scavvo's Rune Store - 1093 10 1079 10 1432 10 1113 10 1289 10 1303 10 1099 10 1065 10 1169 10
2213 995 false - Varrock Sword Shop - 1277 10 1279 10 1281 10 1283 10 1285 10 1287 10 1291 10 1293 10 1295 10 1297 10 1299 10 1301 10 1205 10 1203 10 1207 10 1217 10 1209 10 1211 10
2214 995 false - Lowe's Archery Emporium - 882 1000 884 100 886 100 888 100 890 30 877 300 841 10 839 10 843 10 845 10 849 10 847 10 853 10 851 10 855 10 857 10 837 10
2215 995 false - Horvik's Armour Shop - 1103 10 1101 10 1139 10 1137 10 1173 10 1175 10 1075 10 1067 10 1087 10 1081 10 1117 10 1115 10 1119 10 1125 10 1121 10
2216 995 false - Dodgy Derek's Dirty Deals - 1523 2 6412 5 18644 100 590 10 954 10
2217 995 true - Valaine's Shop of Champions - 1019 10 1165 10 1077 10 1123 10
2218 995 false - Thessalia's Fine Clothes - 1005 10 1129 10 1059 10 1061 10 1757 10 1013 10 1015 10 1011 10 1007 10 950 10 426 10 428 10 1733 10 1734 1000
2219 995 false - Urist's Crafting Supplies - 1755 10 1592 10 1597 10 1595 10 1733 10 1599 10 2976 10 5523 10 9434 10 11065 10
2220 995 false - Draynor Seed Market - 5318 10 5319 10 5324 10 5322 0 5320 0 5323 0 5321 0 5096 10 5097 10 5305 10 5306 10 5307 10 5308 10 5309 10 5310 10 5311 10
2221 995 false - Diango's Toy Store - 2520 10 2522 10 2524 10 2526 10 4613 10 12844 10 20179 10 20180 100 3006 150 20722 400 20716 10 20718 10 20725 10 20714 10
2222 995 false - Hunter Expert's shop - 10006 1337 10008 1337
2223 995 false - Bow and Arrow Store - 1065 100 1099 100 1135 100 2487 100 2493 100 2499 100 2489 100 2495 100 2501 100 9144 10000 9185 10000 9341 10000 882 10000 884 10000 886 10000 888 10000 890 10000 892 10000 1129 100 1061 100 1059 100 1095 100 1133 100 1097 100 10498 100
2224 995 false - Fishing Store - 303 1000 305 1000 307 1000 309 1000 301 1000 311 1000 314 100000 313 100000 15263 100000
2225 995 false - Armour Store - 1155 100 1117 100 1075 100 1089 100 1153 100 1115 100 1067 100 1191 100 1725 100 1157 100 1119 100 1069 100 1193 100 1159 100 1121 100 1071 100 1197 100 1540 100 1161 100 1123 100 1073 100 1199 100 1163 100 1127 100 1079 100 1201 100 3105 100 10828 100 3751 100
2226 995 false - Herblore Shop - 15364 100 221 100 15362 100 229 100 233 100
2227 995 false - Edible Store - 319 10000 315 10000 325 10000 347 10000 333 10000 351 10000 329 10000 361 10000 379 10000 373 10000 365 10000 7946 10000 2434 1000 2436 1000 2440 1000 2442 1000 2446 1000 2444 1000 3040 1000
2228 995 false - Weapon Store - 1307 100 1309 100 1311 100 1315 100 1317 100 1319 100 1277 100 1279 100 1281 100 1283 100 1285 100 1287 100 1291 100 1293 100 1295 100 1297 100 1299 100 1301 100 1321 100 1323 100 1325 100 1327 100 1329 100 1331 100 1333 100 4587 100 1215 100 1305 100 1434 100 1377 100 1434 100 1249 100
2229 995 false - Slayer Shop - 4155 100 4164 100 4166 100 4161 100 6696 100 4156 100 6664 100 7051 100 4551 100 8923 100 7159 100 10952 100 6720 100 4158 100 4160 100 13280 100 13278 100 13279 100 4170 100 7421 100 4168 100 4162 100 13117 100 23035 100
2230 995 false - Drogo's mining Emporium - 2347 10 1265 10 436 0 438 0 440 0 453 0 2349 0 2351 0 2357 0
2231 995 true - Dwarven Shopping Store - 1931 30 1935 10 1735 10 1925 30 590 10 1755 10 2347 10
2232 995 false - Nurmof's Pickaxe Shop - 1265 10 1267 10 1269 10 1273 10 1271 10 1275 10
2233 995 false - Crossbow Shop - 9440 10 9442 10 9444 10 9446 10 9448 10 9450 0 9452 0 9420 10 9423 10 9425 10 9427 10 9429 0 9431 0 9174 10 9177 10 9179 10 9181 10 9183 10 9185 0
2234 995 false - Nulondion's Multicannon Parts - 6 10 8 10 10 10 12 10 5 10 4 10
2235 995 false - Book shop - 3839 1 3841 1 3843 1 19612 1 19614 1 19616 1
2236 995 true - The Lighthouse Store - 954 10 2347 10 1755 10 946 10 952 10 590 10 36 10 273 10 233 10 1931 30 1925 30 1929 10 1935 10 1937 300 229 10 15362 20 227 10 15363 20 2019 10 2021 10 2015 10 1915 10 2017 10 1909 10 1913 10 1907 10
2237 995 false - Mage Arena Staves - 2415 10 2416 10 2417 10
2238 995 false - Lundail's Arena-side Rune Shop - 554 1000 555 1000 556 1000 557 1000 558 1000 559 1000 561 300 562 300 563 100 564 100 560 300
2239 995 false - Pikkupstix's Summoning Shop - 12204 10 12207 10 12210 0 12213 0 12216 0 12219 0 12222 0 12183 65000 12155 5000 15262 65000 12158 0 2859 1
2240 995 false - Void Knight Magic Store - 554 1000 555 1000 556 1000 557 1000 558 1000 559 1000 562 300 560 100
2241 995 false - Void Knight Archery Store - 825 300 826 300 827 100 828 100 829 250 830 10 39 100 40 100 41 100 42 30 43 30 44 10
2242 995 false - Skulgrimen's Battle Gear - 1337 10 1335 10 1339 10 1341 10 1343 10 1345 10 1347 0 3749 10 3751 10 3753 10 3755 10
2243 995 false - Fremennik Fur Trader - 948 10 958 10 10117 0 10121 0 10119 0 10123 0 10093 0 10095 0 10097 0 10099 0 10101 0 10103 0
2244 995 true - Sigmund the Merchant - 590 10 954 10 233 10 1931 30 2142 10 2309 10 952 10 36 10 1755 10 2347 10 229 10 15362 6 227 10 15363 6 1925 30 1929 10 1944 10 1942 10 1965 10
2245 995 false - Fremennik Fishmonger - 303 10 307 10 309 10 311 30 301 10 313 1000 314 1000 305 10 317 10 327 10 345 0 353 0 341 0 321 0 335 0 349 0 331 0 359 0 377 0 363 0 371 0 383 0
2246 995 false - Ore Store - 436 10 438 10 440 0 442 0 453 0 444 0 447 0 449 0
2247 995 false - Armour Shop - 1109 10 1143 10 1159 10 1181 10 1197 10 1071 10 1085 10 1121 10
2248 995 false - Neitiznot Supplies - 946 10 2347 10 1734 1000 1733 10 4819 10 1351 10 1759 100
2249 24444 false - Crucible Rewards - 24450 1 24451 1 24452 1 24453 1 24454 1 24455 1 24456 1 24457 1
2250 995 false - Yrsa's Accoutrements - 3775 10 3773 10 3767 10 3769 10 3771 10 3793 10 3795 10 3797 10 3799 10 3791 10 3765 10 3763 10 3761 10 3759 10 3777 10 3779 10 3781 10 3783 10 3785 10 3787 10 3789 10
2251 995 false - Nomad's Capes - 15432 1 15433 1
2252 995 false - Irksol's Ruby Rings - 1641 10
2253 995 false - Jukat's Dragon Sword Shop - 1305 10 1215 30
2254 995 false - Elnock's Backup Supply - 11260 200 10010 100
2255 995 true - Zanaris' General Store - 1931 30 1935 10 1735 10 1925 30 1923 10 1887 10 590 10 1755 10 2347 10 550 10 9003 10
2256 995 false - Aleck's Hunter Emporium - 10010 10 10012 300 10025 300 10150 10 10006 30 10008 30 10029 10 596 10 10031 30 12539 0
2257 995 false - Pet Shop - 12130 10 12125 1000 12127 10 12183 65000 15262 65000
2258 995 false - Magic Guild Store : Mystic Robes - 4089 10 4091 10 4093 10 4095 10 4097 10 9762 100000 9763 10000 9764 10000
2259 995 false - Magic Guild Store : Runes and Staves - 556 1000 555 1000 557 1000 554 1000 558 1000 559 1000 562 300 561 300 560 1000 563 100 565 100 566 100 1387 10 1383 10 1381 10 1385 10 1397 10 1395 10 1399 10 1393 10 1401 10 1403 10 1405 10 1407 10
2260 995 false - Frenita's Cookery Shop - 2313 10 1955 0 1887 10 1923 10 1942 10 590 10 1935 10 1931 30 1973 10 1933 500 1980 10
2261 995 false - Gem Trader - 1623 0 1621 0 1619 0 1617 0 1607 0 1605 0 1603 0 1601 0
2262 995 false - Zeke's Superior Scimitars - 1321 10 1323 10 1325 10 1329 10 1331 10 1333 10
2263 995 false - Louie's Armoured Legs Bazaar - 1075 10 1067 10 1069 10 1077 10 1071 10 1073 10
2264 995 false - Ranael's Super Skirt Store - 1087 10 1081 10 1083 10 1085 10 1089 10 1091 10
2265 995 false - Dommik's Crafting Store - 1755 10 1592 10 1597 10 1595 10 1733 10 1734 1000 1599 10 2976 10 5523 10 9434 10 11065 10
2266 995 false - Moon Clan Fine Clothes - 9068 10 9069 10 9070 10 9071 10 9072 10 9073 10 9074 10 1733 10 1734 1000
2267 995 false - Betty's Magic Emporium - 554 300 555 300 556 300 557 300 558 100 559 100 562 30 560 10 221 300 579 10 1017 10
2268 995 true - Poletax's Herblore Shop - 229 10 15362 6 227 20 15363 40 233 10 221 10 15364 20 235 5 225 5 239 5
2269 995 false - Jatix's Herblore Shop - 229 10 15362 6 233 10 221 10 15364 20
2270 995 true - Moon Clan General Store - 1931 30 1935 10 1735 10 1925 30 1923 10 1887 10 590 10 1755 10 2347 10 9003 10 229 10 15362 20
2271 995 false - Culinaromancer's Chest - 7453 10 7454 10 7455 10 7456 10 7457 10 7458 10 7459 10 7460 10 7461 10 7462 10 7433 10 7435 10 7437 10 7439 10 7441 10 7443 10 7445 10 7447 10
2272 995 false - Culinaromancer's Chest - 1973 240 1985 8 1982 8 1955 40 1987 5 2283 1 1944 8 1927 8 2130 8 6697 8 2007 8 2313 8 1887 8 1923 8 1935 8 1931 8 1980 8 1925 8
2273 995 false - Quartermaster's Stores - 1931 30 1935 10 1735 10 590 10 2309 10 3190 10 3192 10 3194 10 3196 10 3198 10 3200 10 3202 10 3204 10
2274 995 true - Lletya General Store - 1931 30 1935 10 1735 10 1925 30 590 10 1755 10 2347 10 952 10 946 10
2275 995 false - Lletya Seamstress - 1734 1000 1733 10 1759 100 1763 10 1765 10 1767 10 1769 10 1771 10 1773 10
2276 995 false - Lletya Archery Shop - 884 1000 886 300 888 100 890 100 892 30 877 1000 843 10 845 10 837 10 849 10 847 10
2277 6529 false - TzHaar-Hur-Tel's Equipment Store - 6522 10 6523 10 6524 10 6525 10 6526 10 6527 10 6528 10 6568 10
2278 6529 false - TzHaar-Hur-Lek's Ore and Gem Store - 438 5 436 5 440 2 1623 1 1621 1 6571 1 9194 50
2279 6529 false - TzHaar-Mej-Roh's Rune Store - 554 1000 555 1000 557 1000 556 1000 558 1000 559 1000 562 300 560 100
2280 995 false - Elemental Workshop - 2890 1 9729 1 18699 1 20448 1 20458 1 9731 1 9733 1 18697 1 20450 1 20460 1 18691 1 18693 1 18695 1 20452 1 20462 1 20436 1 20440 1 20444 1 20454 1 20464 1 20438 1 20442 1 20446 1 20456 1 20466 1
2281 995 true - General Store - 1733 10 1734 1000 1931 30 1925 30 1935 10 590 10 1755 10 2347 10 3377 10 946 10
2282 995 false - Barker's Haberdashery - 2894 10 2896 10 2898 10 2900 10 2902 10 2904 10 2906 10 2908 10 2910 10 2912 10 2914 10 2916 10 2918 10 2920 10 2922 10 2924 10 2926 10 2928 10 2930 10 2932 10 2934 10 2936 10 2938 10 2940 10 2942 10 1007 10 1019 10 1021 10 1023 10 1027 10
2283 995 false - Rufus's Meat Emporium - 2132 100 2138 30 2134 10 2136 10 335 0 331 0 383 0
2284 995 false - Gerrant's Fishy Business - 303 10 307 10 309 10 311 1000 301 10 13431 10 313 1000 314 1000 317 0 327 10 345 0 321 0 335 0 349 0 331 0 359 0 377 0
2285 995 false - Grum's Gold Exchange - 1635 0 1637 0 1639 0 1641 0 1643 0 1654 0 1656 0 1658 0 1660 0 1662 0 1692 0 1694 0 1696 0 1698 0 1700 0 11069 0 11076 0 11085 0 11072 0 11092 0
2286 995 false - Brian's Battleaxe Bazaar - 1375 10 1363 10 1365 10 1367 10 1369 10 1371 10 1373 10
2287 995 false - Wydin's Food Store - 1933 500 2132 10 2138 10 1965 10 1963 0 1951 0 2309 10 1973 10 1985 10 1982 10 1942 10 1550 10
2288 995 false - Trader Stan's Trading Post - 1931 30 1935 10 1735 10 1925 30 1923 10 1887 10 590 10 1755 10 2347 10 550 10 9003 10 954 10 946 10 2114 0 1963 10 2108 0 1785 10 1783 0 401 0 1781 0 301 10 307 10 1941 10 9629 10 3226 10 1025 10 6014 0
2289 995 false - Dodgy Mike's Second-hand Clothing - 7110 10 7112 10 7114 10 7116 10 7122 10 7124 10 7126 10 7128 10 7130 10 7132 10 7134 10 7136 10 7138 10
2290 995 false - 'Two Feet Charley's Fish Shop - 317 6 327 10 345 10 341 10 321 10 359 0 377 0 363 0 371 0
2291 995 false - Smithing Smith's Shop - 1321 10 1323 10 1325 10 1329 10 2347 10
2292 995 false - Shantay Pass Shop - 1823 30 1831 30 1937 10 1921 10 1929 10 946 10 1833 10 1835 10 1837 10 2349 0 314 1000 2347 10 1925 30 1923 10 1935 10 954 100
2293 995 false - Keldagrim's Best Bread - 2309 10 1891 10 1901 10
2294 995 false - Green Gemstone Gems - 1607 0 1605 0 1603 0 1601 0
2295 995 false - Carefree Crafting Stall - 1755 10 1592 10 1597 10 1733 10 1734 1000 1759 100
2296 995 false - Crossbow Shop - 9440 10 9442 10 9444 10 9446 10 9448 10 9450 10 9452 0 9420 10 9423 10 9425 10 9427 10 9429 10 9431 0 9174 0 9177 0 9179 0 9181 0 9183 0 9185 0
2297 995 false - Silver Cog Silver Stall - 1714 10 442 0 2355 0
2298 995 false - Vermundi's Clothes Stall - 5048 10 5036 10 5042 10 5024 10 5030 10 950 10
2299 995 false - Pickaxe-Is-Mine - 1265 10 1269 10 1273 10 1271 10 1275 10
1100 995 false - Quality Weapons Shop - 1365 10 1369 10 1285 10 1287 10 1325 10 1297 10 1303 10 853 10 851 10 888 100 890 100
1101 995 false - Quality Armour Shop - 1105 10 1109 10 1107 10 1111 10 1141 10 1143 10 1145 10 1177 10 1195 10
1102 995 false - Keldagrim Stonemason - 3420 500 8786 30 8784 30 8788 30
1103 995 false - Agmundi Quality Clothes - 5050 10 5052 10 5038 10 5040 10 5044 10 5046 10 5026 10 5028 10 5032 10 5034 10
1104 995 false - Vigr's Warhammers - 1337 10 1335 10 1339 10 1341 10 1343 10 1345 10 1347 10
1105 995 false - Gunslik's Assorted Items - 1935 10 1925 30 590 10 1755 10 2347 10 36 10 596 10 973 10 1059 10 229 300 233 10 954 10
1106 995 true - Bandit Bargains - 1831 30 1823 30 1937 10 1921 10 1929 10 1837 10 1935 10 1923 10 1925 10 1837 10 1833 10 1835 10 946 10
1107 995 false - Candle Shop - 36 10 38 10
1108 995 true - Arhein's Store - 1925 30 1265 10 1923 10 1887 10 590 10 1755 10 2347 10 954 10 1931 30 946 10
1109 995 false - Hickton's Archery Emporium - 877 300 882 1000 884 100 886 0 888 0 890 0 892 0 4773 0 4778 0 4783 0 4788 0 4793 0 4798 0 4803 0 39 100 40 100 41 100 42 100 43 30 44 10 841 10 839 10 837 10 843 10 845 10 4827 10 1133 10 1097 10
1110 995 false - Harry's Fishing Shop - 303 10 307 10 311 1000 301 10 313 1000 305 10 317 0 327 0 345 0 353 0 341 0 321 0 359 0 377 0 363 0 371 0 383 0
1111 995 false - Vanessa's Farming Shop - 5341 10 5343 10 5329 10 952 10 5325 10 5331 30 5354 100 6032 300 1925 100 5418 10 15367 1 5376 10 15366 1 1942 0 1957 0 1965 0 1982 0 5986 0 5504 0 5982 0 5994 0 5996 0 5998 0 6000 0 6002 0 5931 0 6006 0 6036 10 12622 10
1112 995 false - Battle Runes - 554 1000 555 1000 556 1000 557 1000 558 1000 562 300 560 100 565 100 566 100 9075 100
1113 995 true - Legends' Guild General Store - 373 10 2323 10 121 10 886 10
1114 995 false - Legends' Guild Shop of Useful Items - 1590 10 1542 10 2368 10 1052 10
1115 995 false - Happy Heroes' H'Emporium - 1377 10 1434 10
1116 995 false - White Knight's Armour - 5574 10 5575 10 5576 10 23122 10 9672 10 9674 10 9676 10 9678 10
1117 995 false - Lunar Equipment - 9096 10 9097 10 9098 10 9099 10 9100 10 9101 10 9102 10 9104 10 9084 10
1118 995 true - Polypore Dungeon Supplies - 1935 3 233 2 946 2 1733 2 1734 50 590 2 1511 1 229 20 22452 40 22454 40 22456 40
1119 995 false - Warriors' Guild Armoury - 1363 10 1365 10 1369 10 1277 10 1279 10 1281 10 1283 10 1285 10 1287 10 1291 10 1293 10 1295 10 1297 10 1299 10 1301 10 1205 10 1203 10 1207 10 1217 10 1209 10 1211 10 1422 10 1420 10 1424 10 1428 10 1430 10 1307 10 1309 10 1311 10 1313 10 1315 10 1317 10 1103 10 1101 10 1105 10 1139 10 1137 10 1141 10
1120 995 false - Warriors' Guild Food Shop - 333 10 365 10 2289 10 6705 10 2003 10
1121 995 false - Warriors' Guild Potion Shop - 115 10 121 10 133 10
1122 995 false - Void Knight General Store - 1931 30 1935 10 1735 10 1925 30 1923 10 1887 10 590 10 1755 10 2347 10 1351 10 7934 50
1123 995 false - Faruq's Tools for Games - 15046 12 15078 25 15080 25 15082 25 15075 65 15056 3 15059 14 15061 18 15065 20 15078 20 15067 45 15069 6 15073 36 15077 1 15484 20
1124 995 false - Bolkoy's Village Shop - 1931 30 1265 10 1935 10 1735 10 1925 30 590 10 1755 10 2347 10 882 1000 2142 10
1125 995 true - Obli's General Store - 590 10 229 10 233 10 1931 30 1351 10 1265 10 1349 10 1129 10 1059 10 1061 10 2142 10 2309 10 952 10 36 10 596 10 1755 10 2347 10 970 10 973 10 227 10 975 10 954 10
1126 995 false - Fernahei's Fishing Hut - 307 10 309 10 313 1000 314 1000 335 10 349 10 331 10
1127 995 false - Naff's Knockoff Staves - 1391 80
1128 995 false - Construction Supplies - 8794 10 8790 300 1539 900
1129 995 false - Keldegrim Stonemason - 3420 500 8786 30 8782 30 8788 30
1130 995 false - Garden Centre - 8417 10 8419 10 8421 10 8423 10 8425 10 15237 10 8427 10 15239 10 8429 10 8431 1000 8433 10 8435 10 8437 10 8439 10 8441 10 8441 10 8443 10 8445 10 8449 10 8451 10 8453 10 8455 10 8457 10 8459 10 8461 10
1133 995 false - Davon's Amulet store - 1718 0 1727 0 1729 0 1725 0 1731 0
1134 995 false - Brian's Archery Supplies - 886 100 888 30 890 0 843 10 849 10 853 10
1135 995 false - Dargaud's Bows and Arrows - 52 1000 39 300 40 300 41 100 42 100 43 100 44 30 882 1000 884 300 886 300 888 100 890 100 892 100 877 300 9140 300 9141 100 9142 100 9143 100 9144 30 4773 0 4778 0 4783 0 4788 0 4793 0 4798 0 4803 0 841 10 843 10 849 10 4827 10
1136 995 false - Aaron's Archery Appendages - 1129 10 1131 10 1133 10 1095 10 1097 10 1169 10 1167 10 1063 10 9756 100000 9758 10000 9757 10000
1137 995 false - Wayne's Chains Chainmail Specialist - 1103 10 1101 10 1105 10 1107 10 1109 10 1111 10
1138 995 false - Fancy Clothes Store - 1949 10 579 10 1023 10 958 10 948 10 1733 10 1734 1000 1059 10 1061 10 428 10 426 10 1757 10 1013 10 1015 10 1011 10 1007 10 1025 10 10088 0 10090 0 10091 0 10089 0 10087 0 11525 0
1139 995 false - Rometti's Fine Fashions - 656 30 658 30 660 30 662 30 664 30 636 30 638 30 640 30 642 30 644 30 646 30 648 30 650 30 652 30 654 30 626 30 628 30 630 30 632 30 634 30
1140 995 false - Miscellanian Clothes SHop - 3775 10 3767 10 3769 10 3773 10 3771 10 3793 10 5050 10 5052 10 5036 10 5040 10 5038 10 5044 10 5046 10 5026 10 5028 10 5032 10 5034 10
1141 995 false - Pie Shop - 7162 10 2325 0 2327 0 7170 0 2323 0 7178 0 7188 0 7198 0 7208 0 7218 0 1933 100 2313 100
1142 995 false - Grand Tree Groceries - 2171 10 2128 10 1933 10 2169 10 1957 10 1942 10 1965 10 1982 10 1985 10 2120 10 2108 10 2102 10 2114 10 2126 10 2025 10 1973 10 1975 10 2130 10 1927 10 946 10 2167 10 2164 10 2165 10 2166 10
1143 995 false - Funch's Fine Groceries - 2021 10 2019 10 2015 10 2017 10 2114 10 2128 10 2108 10 2108 10 2102 10 2114 10 2126 10 2025 10 1973 10 1975 10 2130 10 1927 10 946 10 2026 10
1144 995 false - Rommik's Crafty Supplies - 1755 10 1592 10 1597 10 1595 10 1733 10 1734 1000 1599 10 2976 10 5523 10 9434 10 11065 10
1145 995 false - Jamila's Craft Stall - 1755 10 1592 10 1597 10 1595 10 1733 10 1734 1000 1599 10 2976 10 5523 10 11065 10
1146 995 false - Hamab's Crafting Emporium - 1755 10 1592 10 1597 10 4020 10 1733 10 1734 1000 1759 100 11065 10
1147 995 false - Alice's Farming Shop - 5376 10 15366 1 6032 300 5418 10 15367 1 6036 10 5350 100 5341 10 5329 10 5343 10 952 10 5325 10 1925 100 5331 30 12623 10 5996 0 6006 0 1965 0 5994 0 5931 0 6000 0 1957 0 1942 0 5504 0 5986 0 1982 0 5982 0 6002 0 5998 0
1148 995 false - Head Farmer Jones's Farming Shop - 5318 10 1942 1 5319 10 5324 10 5322 10 5320 10 5323 10 5331 30 6032 300 5350 100 5343 10 5325 10 952 10 5329 10 5341 10 5345 10 5376 10 5418 10 5376 10 6036 10 12608 10 12622 10 1735 10
1149 995 false - Richard's Farming Shop - 5376 10 15366 1 6032 300 5418 10 15367 1 6036 10 5350 100 5341 10 5329 10 5343 10 952 10 5325 10 1925 100 5331 30 12623 10 5996 0 6006 0 1965 0 5994 0 5931 0 6000 0 1957 0 1942 0 5504 0 5986 0 1982 0 5982 0 6002 0 5998 0
1150 995 false - Sarah's Farming Shop - 5376 10 15366 1 6032 300 5418 10 15367 1 6036 10 5350 100 5341 10 5329 10 5343 10 952 10 5325 10 1925 100 5331 30 12623 10 5996 0 6006 0 1965 0 5994 0 5931 0 6000 0 1957 0 1942 0 5504 0 5986 0 1982 0 5982 0 6002 0 5998 0
1151 995 false - Lumbridge Fishing Supplies - 303 5 13431 5 307 10 309 10 313 1000 314 1000 317 0 327 0 345 0 321 0 335 0 349 0 331 0 13435 0
1152 995 false - Nicholas Angle's Fishing Shop - 313 10 13431 10 303 40 307 10
1153 995 false - Fishing Guild Shop - 313 1000 314 1000 341 0 353 0 363 0 359 0 377 0 371 0 339 0 355 0 365 0 361 0 379 0 373 0
1154 995 false - Lovecraft's Tackle - 303 10 307 10 309 10 311 1000 301 10 13431 10 313 1000 314 1000 317 0 325 0 353 0 321 0 335 0 349 0 331 0 359 0 377 0 371 0
1155 995 false - Island Fishmonger - 303 10 307 10 310 10 311 30 301 10 13431 10 313 1000 314 1000 317 0 325 0 353 0 321 0 335 0 349 0 331 0 359 0 377 0 371 0 363 0 383 0
1156 995 false - Etceteria Fish - 303 10 307 10 310 10 311 30 301 10 13431 10 313 1000 314 1000 317 0 325 0 353 0 321 0 335 0 349 0 331 0 359 0 377 0 371 0 363 0 383 0
1157 995 true - Arnold's Eclectic Supplies - 303 10 311 10 2309 10 1931 30 1927 10 1733 10 1734 1000 1917 10 1785 10 946 10
1158 995 false - Bakery Stall - 2309 10 1891 10 1901 10 1973 100
1159 995 false - Fresh Meat - 2134 10 2132 300 2136 10 2142 10 2138 10 2140 10 3226 100 7224 0 7223 0 3228 10 2876 0 7230 0 2878 0 7566 0 2337 0 9978 10 15365 6 9984 0 9980 0 9986 0 9992 0 9988 0
1160 995 false - Gianne's Restaurant - 2223 10 2225 10 2221 10 2219 10 2227 10 2233 10 2231 10 2235 10 2229 10 2241 10 2243 10 2239 10 2237 10
1161 995 false - Keepa Kettilon's Store - 361 0 329 10 339 10 379 0 373 0 385 0
1162 995 false - Miscellanian Food Shop - 2309 10 1985 10 1965 10 1942 10 1957 10 1933 10 1973 10 1927 10
1163 995 false - Nathifa's Bake Stall - 2309 10 1891 10 1901 10 1823 30
1164 995 false - The Shrimp and Parrot - 347 10 339 10 361 10 379 10 373 10 3144 10
1165 995 false - Solihib's Food Stall - 4012 100 1963 10 4016 10 4014 100
1166 995 false - Tony's Pizza Bases - 2283 10
1167 995 false - Herquin's Gems - 1623 0 1621 0 1619 0 1617 0 1607 0 1605 0 1603 0 1601 0
1168 995 false - Ardougne Gem Stall - 1607 0 1605 0 1603 0 1601 0
1169 995 false - Frincos's Fabulous Herb Store - 229 10 15362 6 233 10 221 10 15364 20
1170 995 false - Grud's Herblore Stall - 229 10 15362 6 233 10 221 10 15364 20
1171 995 false - Nardah Hunter Shop - 10010 10 10012 300 10025 300 10150 10 10006 30 10008 30 10029 10 596 10 10031 30 12539 0
1172 995 false - Ayleth Beaststalker's Hunting Supplies Shop - 10006 30 10010 10 10012 300 10150 10
1173 995 false - Kjut's Kebabs - 1971 100000
1174 995 false - Flynn's Mace Market - 1422 10 1420 10 1424 10 1428 10 1430 10
1175 995 false - Carwen Essencebinder Magical Runes Shop - 1438 1 1448 1 556 30 555 30 557 300 554 300 558 300 559 100 562 100 561 30 560 10
1176 995 false - Baba Yaga's Magic Shop - 556 1000 555 1000 557 1000 554 1000 558 1000 559 1000 562 1000 561 100 560 100 565 100 566 100 9075 100 1391 20 1387 10 1383 10 1381 10 1385 10 9078 1
1177 995 false - Tutab's Magical Market - 554 1000 555 1000 556 1000 557 1000 563 100 4008 10 4006 10 4023 10
1178 995 false - Zenesha's Platebody Shop - 1117 10 1115 10 1119 10 1125 10 1121 10
1179 995 false - Seddu's Adventurers' Store - 1093 10 1079 10 1113 10 1099 10 1065 10 1193 10 1151 10
1180 995 false - Daga's Scimitar Smithy - 1321 10 1323 10 1325 10 1329 10 4587 10
1181 995 false - Cassie's Shield Shop - 1171 10 1173 10 1189 10 1175 10 1191 10 1177 10 1193 10 1181 10 1199 10 1201 10
1182 995 false - Ardougne Silver Stall - 1714 10 442 0 2355 0
1183 995 false - Silver Cog Silver Stall - 1714 10 442 0 2355 0
1184 995 false - The Spice is Right - 1931 30 2169 10 5970 0 175 10
1185 995 false - Summoning Supplies - 12204 10 12207 10 12210 0 12213 0 12216 0 12219 0 12222 0 12183 65000 12155 650000000 15262 65000 12158 0 2859 0
1186 995 false - Blades by Urbi - 1205 10 1203 10 1207 10 1217 0 1209 10 1211 10 1213 10 1215 0 1321 10 1323 10 1325 10
1187 995 false - Gaius's Two-Handed Shop - 1307 10 1309 10 1311 10 1313 10 1315 10 1317 10 1319 10
1188 995 false - Gulluck and Sons - 882 1000 877 300 880 0 841 10 839 10 837 10 39 100 40 100 41 100 42 100 15298 10 1353 10 1363 10 1365 10 1369 10 1307 10 1309 10 1311 10 1313 10 1315 10 1317 10
1189 995 false - Authentic Throwing Weapons - 825 100 826 100 827 30 828 30 829 10 830 10 800 100 801 100 802 30 803 30 804 10 805 10
1190 995 false - Nardok's Bone Weapons - 5018 10 5016 10 8872 10 8880 10 8882 300
1191 995 false - Tamayu's Spear Stall - 3170 10 3171 10 3172 10 3173 10 3174 10 3175 10 3188 10
1192 995 false - Weapons Galore - 1315 10 1343 10 1369 10 3099 10 1299 10
1193 995 false - Vegetable stall - 1965 10 1942 10 1957 10 1982 10 1550 10
1194 995 true - Al Kharid General Store - 1931 30 1935 10 1735 10 1925 30 1923 10 1887 10 590 10 1755 10 2347 10 550 10 9003 10
1195 995 true - Ifaba's General Store - 1931 30 1935 10 1735 10 1925 30 1923 10 1887 10 590 10 1755 10 2347 10 550 10
1196 995 true - Aemad's Adventuring Supplies - 227 10 15363 6 1265 10 15298 10 2142 10 590 10 1759 100 882 1000 954 10 970 10 946 10 1935 10
1197 995 true - West Ardougne General Store - 227 10 15363 6 1265 10 15298 10 2142 10 590 10 1759 100 882 1000 954 10 970 10 946 10 1935 10
1198 995 true - Bandit Duty Free - 1733 50 1925 50 1931 50 952 50 1887 50 1755 50 2347 50 13278 3000 15363 6 4692 5 8786 5
1199 995 true - Aurel's Supplies - 1351 10 590 10 3363 10 353 10 952 10
1200 995 true - Dorgesh-Kaan General Supplies - 596 10 590 10 1931 10 1935 10 1923 10 1887 10 954 10 1785 10
1201 995 true - Falador General Store - 1931 30 1935 10 1735 10 1925 30 1923 10 1887 10 590 10 1755 10 2347 10 550 10 9003 10
1202 995 true - Karamja General Store - 1931 30 1935 10 1735 10 1925 30 1923 10 1887 10 590 10 1755 10 2347 10 550 10 9003 10
1203 995 true - The Lighthouse Store - 1931 30 1935 10 1735 10 1925 30 1923 10 1887 10 590 10 1755 10 2347 10 550 10 9003 10 2019 10 2021 10 2015 10 1915 10 2017 10 1909 10 1913 10 1907 10
1204 995 true - Trader Sven's Black Market Goods - 9640 10 9642 10 9644 10 9634 10 9636 10 9638 10
1205 995 true - Razmire General Store - 1931 30 1935 10 1735 10 1925 30 1923 10 1887 10 590 10 1755 10 2347 10 550 10 9003 10 3678 10 1933 10 3422 500 227 300
1206 995 true - Nardah General Store - 1931 30 1935 10 1735 10 1925 30 1923 10 1887 10 590 10 1755 10 2347 10 550 10 9003 10
1207 995 true - Pollnivneach General Store - 1931 30 1935 10 1825 10 1833 10 1837 10 1925 10 4593 10 4591 10 1985 10 2120 10 1982 10 1937 10 1921 10 1929 10
1208 995 false - White Knight Master Armoury - 6615 10 6625 10 6627 10 6621 10 6623 10 6631 10 6633 10 6617 10 6619 10 6629 10 6591 10 6605 10 6601 10 6603 10 6607 10 6613 10 6589 10 6611 10 6587 10 6609 10 6599 10
1209 995 false - Fur Trader - 6814 0
1210 995 false - Ardougne Spice Stall - 2007 10 946 10 1550 10
1211 995 false - Alfred Stonemason's Construction Shop - 2347 10 8794 10
1212 995 false - Alison Elmshaper's Flying Arrow Fletching Shop - 314 100 39 30 1777 15 946 10
1213 995 false - Will Oakfeller's Woodcutting Supplies Shop - 1351 10 1349 10 1353 10
1214 995 false - Marcus Everburn's Firemaking Shop - 596 10 590 10
1215 995 false - Martin Steelweaver's Smithing Supplies Shop - 2347 10
1216 995 false - Tobias Bronzearms's Mining Supplies Shop - 1265 10
1217 995 false - Jack Oval's crafting Shop - 1734 10 1925 10 1931 10 1755 14 1733 10 1735 10 1592 1 1595 1 1597 1 11065 1 1599 1 5523 1 2976 10 9434 10
1218 995 true - Khazard General Store - 1265 10 1931 30 1935 10 1735 10 1925 30 590 10 1755 10 2347 10 954 10 1933 500 583 30 1941 1000 946 10
1219 995 true - Port Phasmatys General Store - 1931 30 1935 10 1735 10 1925 30 590 10 1755 10 2347 10
1220 995 true - Rimmington General Store - 1931 30 1935 10 1735 10 1925 30 590 10 1755 10 2347 10 1923 10 1887 10 550 10 9003 10
1221 995 true - Jiminua's Jungle Store - 590 10 36 10 596 10 1931 30 954 10 1129 10 1059 10 1059 10 2142 10 2309 10 229 300 227 300 233 10 175 10 970 10 973 10 946 10 2347 10 975 10 1755 10 952 10 1351 10 1265 10 1349 10
1222 995 false - The Duke's Shield Store - 1540 1
1223 995 false - Observatory Store - 2574 1 2575 1 2576 1
1224 995 false - Ava's Odds and Ends - 314 1000 884 1000 886 1000 40 1000 41 1000
1225 995 false - Ava's Store - 10498 1 10499 1 20068 1
1226 995 false - Venomite Inn - 1917 10 5751 10 4627 10 3803 10 3801 10 5755 10 5763 10 1911 10 1913 10 1909 10 1915 10 2955 10 5759 10 1907 10 15119 10
1227 995 false - Ignatius's Hot Deals - 590 60000 596 10 15298 10
1228 995 false - Eblis' Shop - 4675 1
1229 995 false - Martin Thwait's Lost and Found - 945 10 1523 10 1755 10 946 10 5560 10 864 10 863 10 865 10 3095 100 3096 10 3097 10
1230 995 false - Leon's Shop - 10156 10 10158 500 10159 100
1231 995 false - Mizgog's Shop - 1478 10
1232 995 false - Team Capes - 4315 10 4335 10 4355 10 4375 10 4395 10
1233 995 false - Team Capes - 4317 10 4337 10 4357 10 4377 10 4397 10
1234 995 false - Team Capes - 4319 10 4339 10 4359 10 4379 10 4399 10
1235 995 false - Team Capes - 4321 10 4341 10 4361 10 4381 10 4401 10
1236 995 false - Team Capes - 4323 10 4343 10 4363 10 4383 10 4403 10
1237 995 false - Team Capes - 4325 10 4345 10 4365 10 4385 10 4405 10
1238 995 false - Team Capes - 4327 10 4347 10 4367 10 4387 10 4407 10
1239 995 false - Team Capes - 4329 10 4349 10 4369 10 4389 10 4409 10
1240 995 false - Team Capes - 4331 10 4351 10 4371 10 4391 10 4411 10
1241 995 false - Team Capes - 4333 10 4353 10 4373 10 4393 10 4413 10
1242 995 false - Ali's Discount Wares - 1931 10 1935 10 1825 10 1833 10 1837 10 1925 10 4593 10 4591 10 970 10 946 10 590 10 1265 10 2138 10
1243 8951 false - test - 10 1