//key money boolean(general store) - Name - item quantity and repeat
1 995 true - General Store - 1931 100000 1935 100000 1735 100000 1925 100000 1923 100000 1887 100000 590 100000 1755 100000 2347 100000 952 100000 5341 100000 550 100000 9003 100000 954 1000 311 100 301 100 303 100 305 100 946 100
2 995 false - Skillcape Store - 9747 100 9750 100 9753 100 9756 100 9759 100 9762 100 9765 100 9768 100 9771 100 9774 100 9777 100 9780 100 9783 100 9786 100 9789 100 9792 100 9795 100 9798 100 9801 100 9804 100 9807 100 9810 100 9948 100 12169 100 18508 100
3 995 false - Skillcape Store(t) - 9748 100 9751 100 9754 100 9757 100 9760 100 9763 100 9766 100 9769 100 9772 100 9775 100 9778 100 9781 100 9784 100 9787 100 9790 100 9793 100 9796 100 9799 100 9802 100 9805 100 9808 100 9811 100 9949 100 12170 100 18509 100 19709 100 10662 100
4 995 false - Skillcape Hoods Store - 9749 50000 9752 50000 9755 50000 9758 50000 9761 50000 9764 50000 9767 50000 9770 50000 9773 50000 9776 50000 9779 50000 9782 50000 9785 50000 9788 50000 9791 50000 9794 50000 9797 50000 9800 50000 9803 50000 9806 50000 9809 50000 9812 50000 9950 50000 12171 50000 18510 50000 9814 50000
6 995 false - Food Store - 334 7500 330 7500 362 7500 380 7500 7947 7500 386 7500
7 995 false - Herblore Shop - 228 10000 222 10000 226 10000 224 10000 1582 10000 1976 10000 240 10000 12631 10000 2153 10000 9737 10000 11808 10000 232 10000 12110 10000 10962 10000 1872 10000 2971 10000 10112 10000 9019 10000 242 10000 6050 10000 246 10000 3139 10000 248 10000 6052 10000 6094 10000 6019 10000 5973 10000 4622 10000 9595 10000 6811 10000
8 995 false - Herbs Shop - 200 5000 202 5000 204 5000 206 5000 210 5000 212 5000 214 5000
9 995 false - Slayer Shop - 4155 10000 4164 10000 4166 10000 4161 10000 6696 10000 4156 10000 6660 10000 7051 10000 4551 10000 8923 10000 7159 10000 10952 10000 6708 10000 4158 10000 4150 10000 13278 10000 4170 10000 7421 1000 4168 1000 4162 1000
10 12852 false - PvP Shop - 21462 5000 21464 5000 21467 5000 21468 5000 21469 5000 21470 5000 21471 5000 21472 5000 21473 5000 21474 5000 21475 5000 21476 5000 15017 5000 15018 5000 15019 5000 15020 5000 6737 5000 10551 5000 10548 5000 10547 5000 
11 995 false - Potion Shop - 145 1000 157 1000 2434 1000 169 1000 3042 1000 6685 1000 15332 1000 2452 1000 6685 1000 2430 1000
12 29920 false - Assassin's Store - 28794 100000 28795 100000 28796 100000 28797 100000 28798 100000 28799 100000 28008 100000 28011 100000 21467 100000 21468 100000 21469 100000 21470 100000 21471 100000 25825 100000 25827 100000 25829 100000 25831 100000 25833 100000 25835 100000 25837 100000 25839 100000 25841 100000 25843 100000 25845 100000 25847 100000 25849 100000 25851 100000 25853 100000
13 995 false - Armoury Shop - 1153 100 1115 100 1067 100 1191 100 1157 100 1119 100 1069 100 1193 100 1159 100 1121 100 1071 100 1197 100 1161 100 1123 100 1073 100 1127 100 1079 100 1163 100 1201 100 3755 100 3751 100 10828 100 3751 100
14 995 false - Weapons Shop - 1323 50 1325 50 1327 50 1329 50 1331 50 1333 100 4587 50 6528 50 6746 50
15 995 false - Combat Accessories - 3105 500 1540 500
16 995 true - Amulets & Rings - 1725 50 1727 50 1729 50 1731 50 1712 50 1478 50 2572 50 3854 50
17 995 false - Pure Shop - 6109 50 6107 50 6108 50 6106 50 6110 50 6111 50 22420 50 22421 50 22422 50 22423 50 22424 50 22425 50 3105 50 6528 50 2412 50 2413 50 2414 50
18 995 false - Construction Store - 2348 10000 8795 10000 961 10000 8779 10000 8781 10000 8783 10000 1762 10000 3421 10000 8787 10000 8785 10000 4820 10000 1539 10000 8791 10000 8432 10000 8434 10000 8436 10000 8789 10000 1776 10000 8527 10000
19 -2 false - PvM Shop - 989 5 24455 5 24456 5 24457 5 28935 5 28936 5 28937 5 28938 5 28939 5 28940 5 28921 5 28922 5 28923 5 28924 5 28925 5 28926 5 28927 5 28928 5 28929 5
21 995 false - Arrow Making - 314 10000 52 10000 53 10000 39 10000 40 10000 41 10000 42 10000 43 10000 44 10000
22 995 false - Bolt Making - 314 10000 9375 10000 9382 10000 9376 10000 9377 10000 9378 10000 9379 10000 9380 10000 9381 10000 45 10000 46 10000 47 10000 9187 10000 9188 10000 9189 10000 9190 10000 9191 10000 9192 10000
23 995 false - Dart making - 314 10000 819 10000 820 10000 821 10000 822 10000 823 10000 824 10000
24 995 false - Materials - 590 10000 946 10000 1780 10000 1778 10000 9439 10000
25 995 false - Smithing - 4 10000 2347 10000 2350 10000 2352 10000 2354 10000 2346 10000 2360 10000 2362 10000
26 995 false - Ores - 435 15000 437 15000 439 15000 441 15000 443 15000 445 15000 448 15000 450 15000 454 15000 452 15000
27 995 false - Woodcutting - 1351 10000 1353 10000 1355 10000 1357 10000 1512 10000 1522 10000 1520 10000
28 995 false - Mining - 1265 10 1267 10 1269 10 1273 10 1271 10 435 10000 437 10000 439 10000 441 10000 443 10000
29 995 false - Runecrafting Store - 1437 10000 7937 10000 5509 10000 5510 10000 5512 10000 5514 10000 8007 100 8010 100 8009 100 8008 100 
30 995 false - Hunting Shop - 10006 1500 10008 3000 11261 5000 10010 1500 11259 1500
31 995 false - Runes - 554 10000 555 10000 556 10000 557 10000 558 10000 560 10000 561 10000 562 10000 563 10000 564 10000 565 10000 566 10000 9075 10000 4694 10000 4695 10000 4697 10000 4698 10000 4699 10000 8007 1000 8008 1000 8009 1000 8010 1000 8011 1000
32 995 false - Magic Equipment - 4109 50 4111 50 4113 50 4115 50 4117 50 7400 50 7399 50 7398 50 1381 50 1383 50 1385 50 1387 50 4675 50 2413 50 2412 50 2414 50 20667 100 14499 100 14497 100 14501 100
33 995 false - Crafting Shop - 1755 2500 1625 2500 1627 2500 1629 2500 1623 2500 1621 2500 1619 2500 1617 2500 1595 2500 1597 2500 1592 2500 1734 2500 1733 2500
34 995 false - Ranging Equipment - 3749 50000 1133 50000 1097 50000 1135 50000 1099 50000 1065 50000 2499 50000 2493 50000 2487 50000 6328 50000
35 995 true - Ranging Accessories - 10498 100 10499 100 20068 100
36 995 false - Bows & Arrows - 839 50 841 50 845 50 843 50 847 50 849 50 851 50 853 50 855 50 857 50 861 50 882 1500 884 1500 886 1500 888 1500 890 1500 892 1500
37 995 false - Crossbows & Bolts - 9179 50 9181 50 9183 50 9185 50 877 5000 9140 5000 9141 5000 9142 5000 9143 5000 9144 5000
38 995 false - Fishing Store - 301 100 303 100 305 100 307 100 309 100 311 100 313 1000 363 1000 341 1000 345 1000 353 1000 349 1000 331 1000 335 1000 359 1000 377 1000
39 995 false - Cooking Store - 1949 10000 25180 10000 25181 10000 25182 10000 25183 10000 25184 10000 7433 10000 7435 10000 7437 10000 7439 10000 7441 10000 7443 10000 7445 10000 7447 10000 7449 10000 7451 10000
40 995 false - Prayer Store - 526 300
41 995 false - Prestige Shop - 28872 1000 28873 1000 28874 1000 28852 1000 29053 1000 29054 1000 29055 1000 29056 1000 29057 1000 29058 1000 29059 1000 29060 1000 28801 1000 28802 1000 28803 1000 28804 1000 28805 1000 29012 1000 29013 1000 29014 1000 29015 1000
42 995 false - Prestige Shop - 29026 1000 29027 1000 28953 1000 28955 1000 28824 1000 28825 1000 28827 1000 28828 1000 28865 1000
43 995 false - Prestige Shop - 28869 1000 28870 1000 28880 1000 29030 1000 29045 1000 28821 1000 29079 1000 29080 1000 29081 1000 29082 1000
44 995 false - Prestige Shop - 28997 1000 28998 1000 28999 1000 29000 1000 29001 1000 29002 1000 29003 1000 29004 1000 29005 1000 29006 1000 29007 1000 29085 1000 29086 1000 29087 1000 29088 100
45 995 false - Prestige Shop - 19275 1000 19278 1000 19284 1000 19287 1000 19290 1000 19293 1000 19296 1000 19299 1000 19302 1000 19305 1000 19368 1000 19370 1000 19372 1000 19374 1000 19376 1000 19378 1000 19380 1000 19382 1000 19384 1000 19386 1000 19388 1000 19390 1000 19392 1000 19394 1000 19396 1000 10446 1000 10448 1000 10450 1000 10452 1000 10454 1000 10456 1000 10458 1000 10460 1000 10462 1000 10464 1000 10466 1000 10468 1000 10470 1000 10472 1000 10474 1000
46 995 false - Summoning Starter Ingredients - 12155 5000 12183 5000 12163 5000 2859 5000 2138 5000 6291 5000 6319 5000 1783 5000 2134 5000 137 5000 6032 5000 3325 5000 12156 5000 6010 5000 12153 5000 12109 5000 12111 5000 12113 5000 12115 5000 12117 5000 12119 5000 12121 5000 1635 5000
47 995 false - Summoning Intermediate Ingredients - 12155 5000 12183 5000 9978 5000 1937 5000 10103 5000 10095 5000 10099 5000 6667 5000 9736 5000 7801 5000 6287 5000 8431 5000 2150 5000 7939 5000 1963 5000 1933 5000 10117 5000 14616 5000 6979 5000 2464 5000
48 995 false - Summoning Master Ingredients - 12155 2500 12183 2500 2132 2500 10020 2500 5933 2500 1442 2500 1440 2500 1438 2500 1444 2500 571 2500 6155 2500 10149 2500 237 2500 3226 2500 10818 52500 1119 2500
49 995 true - Farming Tools - 952 10 5341 10 5343 10 5329 10 6036 10 2283 10 5331 10 6032 10 6034 10
50 995 true - Farming Tree Seeds - 5283 100 5284 100 5285 100 5286 100 5287 100 5288 100 5289 100 5312 100 5313 100 5314 100 5315 100 5316 100
51 995 true - Farming General Seeds - 5318 100 5319 100 5320 100 5321 100 5322 100 5323 100 5324 100 5291 100 5292 100 5293 100 5294 100 5295 100 5296 100 5297 100 5298 100 5299 100 5300 100 5301 100 5302 100 5303 100 5304 100 12621 100 5096 100 5096 100 5097 100 5098 100 5099 100 5100 100 14589 100
52 995 true - Farming Misc Seeds - 5101 100 5102 100 5103 100 5104 100 5104 100 5105 100 5106 100 5305 100 5307 100 5308 100 5306 100 5309 100 5310 100 5311 100 19897 100 19907 100 19902 100 19912 100 19917 100 21620 100 5280 100 5281 100
53 -2 false - Xuans Loyalty shop - 20958 1000000 22268 1000000 20962 1000000 22270 1000000 20967 1000000 22272 1000000 22280 1000000 22282 1000000 22284 1000000 22286 1000000 20966 1000000 22274 1000000 22288 1000000 22288 1000000 22290 1000000 20965 1000000 22276 1000000 22292 1000000 22294 1000000 22300 1000000 22296 1000000 22298 1000000 22302 1000000 23852 1000000 22903 1000000 22909 1000000 23854 1000000 23876 1000000 23874 1000000 
54 -2 false - Vote Shop - 1053 1 1055 1 1057 1 18744 1 18745 1 18746 1 7671 1 7673 1 5608 1 5609 1 5607 1 6666 1 24092 1 24094 1 24096 1 24098 1 20949 1 20950 1 20951 1 20952 1
55 995 false - General Store - 228 10000 229 100000 1595 1000 6032 1000 1735 1000 12155 1000 12183 100000000 311 10 301 10 1734 1000 1733 1000 313 1000 307 100 11260 1000 5341 10 952 10 5343 10 10010 1000 5331 1000
56 995 true - Money exchange store - 29020 1000000000 29019 1000000000 29018 1000000000 1464 1000000000 29017 1000000000 29016 1000000000 29021 1000000000
57 995 false - Barrows Store - 29106 100 29107 100 29108 100 29109 100 29110 100 29111 100 29112 100 29113 100 29114 100 29115 100 29116 100 29117 100 29118 100 29119 100 29120 100 29121 100 29122 1000 29123 100 29124 100 29125 100 29126 100 29127 100 29128 100 29129 100 29130 100
58 995 false - Legendary Shop - 16755 25 16865 25 16931 25 17017 25 17171 25 17237 25 17061 25 17193 25 17215 25 17317 25 17339 25 16337 25 16711 25 16733 25 17259 25 16667 25 16689 25 16293 25 16359 25 16403 25 16425 25 16837 25 16909 25 16955 25 17039 25 17143 25 17361 25 15773 25 16315 25 16381 25
59 995 false - Legendary Shop 2 - 13109 100 13113 100 13111 100 13115 100 7003 100 19331 100 19325 100 19323 100 6 100 8 100 10 100 12 100 2 500000
60 995 false - Donator Summoning Shop - 1119 1000 12825 1000
61 995 false - Donator Shop - 24437 1 24002 1 23992 1 24012 1 24022 1 24032 1 22207 1 22211 1 22213 1 22209 1 15486 1 6666 1 18744 1 18745 1 18746 1 15602 1 15600 1 15604 1 15608 1 15606 1 15610 1 15614 1 15612 1 15616 1 15620 1 15618 1 15622 1
62 995 false - Donator Clothing Store - 15039 100 15040 100 15042 100 15043 100 15044 100 15033 100 15034 100 15035 100 15036 100 15037 100 15038 100
63 995 false - Flasks - 23609 1000 23399 1000 23531 1000 23489 1000 23483 1000 23255 1000 23279 1000 23291 1000 23327 1000 23351 1000 23525 1000 23244 10000
64 995 false - Dice Host - 15098 5
65 -2 false - Trivia Store - 24428 10 24427 10 24429 10 24430 10 21485 10 21484 10 21487 10 21486 10 24100 10 24102 10 24104 10 24106 10 22552 10 22554 10 22556 10 22558 10
66 -2 false - RealityX Point Store - 22211 10 22213 10 22207 10 15441 10 15442 10 15443 10 15704 10 15703 10 15702 10 15220 10 10551 10 6737 10 8845 10 8849 10 8850 10 20072 10 8839 10 8840 10 8842 10 11663 10 11664 10 11665 10
68 5250 false - Armour Donator Store - 29104 100 1050 100 29078 100 29011 100 28968 100 28967 100 28966 100 28965 100 28964 100 28963 100 28962 100 28961 100 
69 995 false - Pet Donator Shop - 21512 1000 12469 1000 12471 1000 12473 1000 12475 1000 7583 1000 1555 1000 22995 1000 22994 1000 22993 1000 22992 1000
70 995 true - Thieving Stall - 950 1000 1739 1000 773 1000 7650 1000 774 1000
72 -2 false - Pest Invasion Point Shop - 19785 100 19786 100 19784 100
110 995 true - Ironman Shop - 1265 100 1267 100 1351 100 1349 100 303 100 305 100 309 100 301 100 311 100 590 100 5341 100 5343 100 952 100 12155 10000 12183 10000 10006 150 10008 150 11261 150 10010 150 11259 150 314 10000 946 100 2347 100 1755 100 227 1000 231 1000 1436 10000 7936 10000 556 10000 558 10000 555 10000 557 1000 1735 1000 1540 100 10499 100 5331 100
150 -2 false - Skilling Points Store - 29996 100 29995 100 29994 100 29993 100 10489 100
151 995 false - Master Cape Store - 29900 100 29901 100 29902 100 29903 100 29904 100 29905 100 29906 100 29907 100 29908 100 29909 100 29910 100 29911 100 29912 100 29913 100 29914 100 29915 100 29916 100 29918 100 29919 100 29920 100 29921 100 29922 100 29923 100
152 995 false - Donator Resource Shop - 15271 10000 384 10000 23609 1000 23399 1000 23531 1000 23489 1000 23483 1000 23255 1000 23279 1000 23291 1000 23327 1000 23351 1000 23525 1000 23243 10000